1 0.466602 0.496181 0.0558594 0.159028
1 0.538281 0.199306 0.0234375 0.0472222
1 0.919727 0.357986 0.0175781 0.0326389
1 0.482031 0.419444 0.06875 0.123611
1 0.341602 0.106944 0.0113281 0.0222222
1 0.349023 0.0996528 0.0121094 0.0201389
1 0.654297 0.313194 0.021875 0.0472222
1 0.483008 0.341319 0.0308594 0.0548611
1 0.635156 0.258333 0.0203125 0.0388889
1 0.341602 0.134375 0.0121094 0.0270833
1 0.313281 0.115625 0.0109375 0.0243056
1 0.439844 0.141667 0.0125 0.025
1 0.869531 0.236111 0.0132813 0.0222222
1 0.938281 0.274653 0.0101562 0.0229167
1 0.476758 0.166667 0.0144531 0.0277778
1 0.487305 0.149306 0.0128906 0.0236111
1 0.628906 0.246181 0.0179687 0.0368056
1 0.884766 0.234722 0.0109375 0.0208333
1 0.854102 0.216319 0.00976562 0.0201389
1 0.9375 0.338194 0.0164062 0.0333333
1 0.211133 0.180556 0.0128906 0.025
1 0.792773 0.285069 0.0160156 0.0340278
1 0.346875 0.159375 0.0117188 0.0229167
1 0.355664 0.096875 0.00976562 0.0173611
1 0.0748047 0.354861 0.0199219 0.0430556
1 0.655469 0.169097 0.0117188 0.0229167
1 0.488867 0.105903 0.00976562 0.0201389
1 0.384961 0.133333 0.0105469 0.0236111
1 0.195703 0.214236 0.0125 0.0256944
1 0.456836 0.0996528 0.00898437 0.0173611
1 0.456445 0.276736 0.0230469 0.0451389
1 0.165234 0.19375 0.0101562 0.0208333
1 0.537109 0.113542 0.0117188 0.0229167
1 0.1375 0.339236 0.0210938 0.0423611
1 0.435937 0.335417 0.025 0.0444444
1 0.084375 0.296528 0.0164062 0.0333333
1 0.589453 0.10625 0.0125 0.025
1 0.471094 0.395139 0.0390625 0.0638889
1 0.670703 0.326736 0.0210938 0.0465278
1 0.764648 0.292708 0.0183594 0.0354167
1 0.573242 0.284722 0.0222656 0.0430556
1 0.171094 0.387153 0.0273438 0.0548611
1 0.463867 0.449306 0.0410156 0.0722222
1 0.803906 0.345486 0.0234375 0.0493056
1 0.686914 0.348264 0.0253906 0.0520833
1 0.939844 0.448264 0.0242187 0.0479167
1 0.211133 0.340972 0.0230469 0.05
1 0.613477 0.457639 0.0347656 0.0652778
1 0.272852 0.253819 0.0191406 0.0354167
1 0.270312 0.630556 0.0429688 0.0819444
