1 0.441602 0.575347 0.0636719 0.157639
1 0.867773 0.377083 0.0253906 0.0583333
1 0.941406 0.298611 0.0140625 0.0291667
1 0.484961 0.153125 0.0128906 0.0270833
1 0.121875 0.221528 0.0132813 0.0277778
1 0.115234 0.394097 0.021875 0.0409722
1 0.236328 0.167708 0.0109375 0.0215278
1 0.2125 0.182292 0.0125 0.0243056
1 0.0917969 0.189583 0.0117188 0.0236111
1 0.559375 0.110069 0.009375 0.0201389
1 0.368555 0.271528 0.0160156 0.0305556
1 0.142969 0.170486 0.0101562 0.0201389
1 0.162891 0.295833 0.021875 0.0430556
1 0.845508 0.250347 0.0160156 0.0354167
1 0.473242 0.170139 0.0128906 0.025
1 0.820703 0.686806 0.0398437 0.0805556
1 0.456836 0.101389 0.00898437 0.0194444
1 0.564258 0.234722 0.0167969 0.0347222
1 0.0876953 0.302431 0.0167969 0.0340278
1 0.533789 0.106944 0.00898437 0.0180556
1 0.212695 0.257986 0.0152344 0.0298611
1 0.409375 0.0982639 0.0101562 0.0201389
1 0.387109 0.144792 0.0101562 0.0229167
1 0.79668 0.298611 0.0277344 0.0583333
1 0.342187 0.1625 0.0117188 0.0236111
1 0.552539 0.171875 0.0121094 0.0243056
1 0.188867 0.213542 0.0113281 0.0229167
1 0.458789 0.345486 0.0253906 0.0520833
1 0.10957 0.235417 0.0136719 0.0263889
1 0.12793 0.290972 0.0160156 0.0333333
1 0.176953 0.240625 0.0132813 0.0270833
1 0.89707 0.301042 0.0167969 0.0340278
1 0.0662109 0.269097 0.0152344 0.0298611
1 0.697656 0.409722 0.0296875 0.0597222
1 0.0734375 0.448611 0.0234375 0.05
1 0.198242 0.283681 0.0160156 0.0326389
1 0.0449219 0.428819 0.0289063 0.0590278
1 0.674805 0.351736 0.0269531 0.0548611
1 0.0326172 0.398611 0.0199219 0.0388889
1 0.0308594 0.302083 0.0164062 0.0319444
1 0.00605469 0.310069 0.0121094 0.0340278
1 0.817383 0.309375 0.0199219 0.0465278
1 0.155859 0.358681 0.0234375 0.0465278
1 0.573047 0.273264 0.0210938 0.0423611
1 0.607617 0.455903 0.0410156 0.0715278
1 0.849023 0.425347 0.0253906 0.0520833
1 0.153906 0.261111 0.0148437 0.0319444
1 0.956641 0.473611 0.025 0.05
1 0.907227 0.390278 0.0277344 0.0541667
1 0.672266 0.310417 0.0226563 0.0444444
1 0.101758 0.504167 0.0332031 0.0638889
1 0.474219 0.309375 0.025 0.0465278
1 0.130859 0.446528 0.0265625 0.0527778
1 0.0398437 0.618056 0.0320312 0.0638889
1 0.2875 0.578472 0.0445312 0.0805556
1 0.430469 0.534375 0.0382813 0.0770833
1 0.464648 0.625694 0.0511719 0.102778
1 0.32832 0.432639 0.0339844 0.0666667
