1 0.190625 0.217708 0.0140625 0.0256944
1 0.0580078 0.361806 0.0214844 0.0402778
1 0.689648 0.383681 0.0378906 0.0993056
1 0.0535156 0.280903 0.01875 0.0395833
1 0.868555 0.26875 0.0160156 0.0319444
1 0.532422 0.106944 0.00859375 0.0180556
1 0.230273 0.166667 0.0121094 0.0222222
1 0.684961 0.164583 0.0121094 0.0236111
1 0.0955078 0.197917 0.0121094 0.0277778
1 0.159961 0.235069 0.0152344 0.0284722
1 0.59082 0.173264 0.0128906 0.0270833
1 0.143359 0.168403 0.0109375 0.01875
1 0.353906 0.096875 0.009375 0.01875
1 0.380078 0.14375 0.0132813 0.0277778
1 0.212695 0.185417 0.0128906 0.025
1 0.05 0.246181 0.0164062 0.0326389
1 0.458008 0.142014 0.0113281 0.0215278
1 0.97207 0.372917 0.0136719 0.0277778
1 0.214258 0.252431 0.0175781 0.0354167
1 0.182422 0.186806 0.0109375 0.0208333
1 0.159375 0.188194 0.0109375 0.0208333
1 0.343555 0.155556 0.0144531 0.0263889
1 0.453711 0.107986 0.00898437 0.01875
1 0.938086 0.277431 0.0105469 0.0215278
1 0.430859 0.164583 0.0132813 0.0277778
1 0.94043 0.341667 0.0144531 0.0305556
1 0.633984 0.156597 0.0101562 0.0215278
1 0.00566406 0.309722 0.0113281 0.0402778
1 0.553906 0.172917 0.0117188 0.0236111
1 0.130859 0.19375 0.0117188 0.0236111
1 0.384961 0.132986 0.0113281 0.0229167
1 0.48457 0.135764 0.0105469 0.0229167
1 0.627539 0.240972 0.0167969 0.0319444
1 0.490234 0.105556 0.009375 0.0194444
1 0.207813 0.248611 0.025 0.0402778
1 0.175977 0.245833 0.0160156 0.0305556
1 0.437695 0.136458 0.0113281 0.0215278
1 0.653711 0.169792 0.0105469 0.0215278
1 0.156055 0.295139 0.0253906 0.05
1 0.402734 0.23125 0.0195312 0.0388889
1 0.360547 0.165972 0.0125 0.0263889
1 0.967188 0.350694 0.015625 0.0319444
1 0.0865234 0.251042 0.0160156 0.03125
1 0.0574219 0.336806 0.0234375 0.0444444
1 0.126563 0.428125 0.021875 0.0479167
1 0.115234 0.228819 0.0132813 0.0270833
1 0.404102 0.108333 0.0105469 0.0208333
1 0.13457 0.248264 0.0167969 0.0326389
1 0.791602 0.279861 0.0183594 0.0388889
1 0.475781 0.343403 0.0273438 0.0534722
1 0.904688 0.418056 0.0226563 0.0458333
1 0.844727 0.254167 0.0152344 0.0305556
1 0.479102 0.164236 0.0128906 0.0256944
1 0.0277344 0.396528 0.0210938 0.0416667
1 0.574805 0.289236 0.0222656 0.04375
1 0.144141 0.267361 0.0164062 0.0333333
1 0.692773 0.409028 0.0308594 0.0611111
1 0.198047 0.280208 0.0171875 0.0354167
1 0.760742 0.466667 0.0277344 0.0541667
1 0.877539 0.379514 0.0230469 0.0451389
1 0.687109 0.354167 0.0265625 0.0527778
1 0.815234 0.300694 0.021875 0.0472222
1 0.338281 0.452431 0.0351562 0.0659722
1 0.141992 0.450694 0.0277344 0.0527778
1 0.102734 0.508333 0.03125 0.0597222
1 0.434961 0.544792 0.0449219 0.0868056
1 0.468164 0.303819 0.0277344 0.0576389
1 0.938672 0.449653 0.025 0.0506944
1 0.797656 0.357986 0.0242187 0.0479167
1 0.36875 0.334722 0.0273438 0.0541667
1 0.277539 0.250694 0.0191406 0.0375
1 0.620117 0.445139 0.0332031 0.0638889
1 0.0304688 0.608681 0.0273438 0.0534722
1 0.259961 0.643403 0.0425781 0.0868056
1 0.813086 0.670833 0.0425781 0.0875
1 0.458984 0.638194 0.0484375 0.1
