1 0.3875 0.137847 0.0125 0.0229167
1 0.631836 0.245486 0.0222656 0.0409722
1 0.941406 0.348611 0.0195312 0.0375
1 0.357812 0.376389 0.0546875 0.144444
1 0.722461 0.436111 0.0496094 0.108333
1 0.441211 0.138542 0.0113281 0.0229167
1 0.482227 0.161458 0.0144531 0.0298611
1 0.685547 0.167361 0.0148437 0.0291667
1 0.436133 0.173958 0.0136719 0.03125
1 0.495508 0.104861 0.00976562 0.0180556
1 0.245703 0.325347 0.034375 0.0715278
1 0.125586 0.448958 0.0277344 0.0534722
1 0.158398 0.293056 0.0214844 0.0416667
1 0.536133 0.164583 0.0175781 0.0361111
1 0.205859 0.261111 0.0179687 0.0319444
1 0.0962891 0.192361 0.0121094 0.025
1 0.16543 0.172569 0.0105469 0.0201389
1 0.892187 0.293056 0.0164062 0.0333333
1 0.158203 0.307986 0.025 0.0493056
1 0.0265625 0.216667 0.0117188 0.025
1 0.110352 0.233333 0.0128906 0.025
1 0.0976562 0.312153 0.0195312 0.0395833
1 0.9125 0.406944 0.0226563 0.0486111
1 0.704883 0.181597 0.0160156 0.03125
1 0.0345703 0.397569 0.0207031 0.0381944
1 0.127539 0.288194 0.0167969 0.0333333
1 0.184375 0.190625 0.0117188 0.0243056
1 0.0554687 0.272222 0.0171875 0.0333333
1 0.125 0.242361 0.0148437 0.0305556
1 0.00625 0.309028 0.0125 0.0319444
1 0.430859 0.539236 0.0390625 0.0659722
1 0.635547 0.280556 0.0234375 0.0444444
1 0.792578 0.286458 0.0210938 0.04375
1 0.558203 0.275 0.025 0.0444444
1 0.966211 0.352778 0.0183594 0.0402778
1 0.196094 0.286458 0.0179687 0.0368056
1 0.909375 0.313889 0.0164062 0.0333333
1 0.0826172 0.297222 0.0160156 0.0333333
1 0.194141 0.218403 0.015625 0.03125
1 0.714648 0.502431 0.0316406 0.0631944
1 0.135742 0.460764 0.0285156 0.05625
1 0.816797 0.310764 0.0195312 0.0409722
1 0.646875 0.161111 0.0117188 0.0236111
1 0.154883 0.351736 0.0207031 0.0409722
1 0.0722656 0.429514 0.0234375 0.0506944
1 0.873242 0.375347 0.0230469 0.0465278
1 0.148242 0.265972 0.0160156 0.0319444
1 0.61582 0.448611 0.0363281 0.0708333
1 0.9375 0.438542 0.025 0.0534722
1 0.481445 0.312847 0.0246094 0.0479167
1 0.27793 0.246528 0.0175781 0.0361111
1 0.685352 0.347917 0.0269531 0.0541667
1 0.0554687 0.336111 0.021875 0.0444444
1 0.394727 0.573958 0.0589844 0.0951389
1 0.0980469 0.515625 0.0320312 0.0673611
1 0.034375 0.599653 0.0304688 0.0604167
1 0.36875 0.332292 0.0273438 0.0548611
1 0.452539 0.358333 0.0261719 0.0527778
1 0.339063 0.444097 0.0335938 0.0631944
1 0.72832 0.406597 0.0269531 0.0534722
1 0.245703 0.311111 0.0226563 0.0472222
1 0.264844 0.632986 0.0375 0.0743056
1 0.784766 0.360764 0.025 0.0534722
1 0.806055 0.673611 0.0472656 0.0888889
