1 0.101953 0.191667 0.0117188 0.025
1 0.160352 0.248264 0.0160156 0.0368056
1 0.884766 0.315972 0.0179687 0.0347222
1 0.142383 0.345139 0.0238281 0.05
1 0.0925781 0.329167 0.0210938 0.0347222
1 0.00996094 0.588194 0.0183594 0.0458333
1 0.492188 0.0996528 0.00859375 0.0173611
1 0.122656 0.271875 0.015625 0.0298611
1 0.704687 0.425347 0.0289063 0.05625
1 0.792773 0.373264 0.0347656 0.0631944
1 0.135352 0.290625 0.0167969 0.0368056
1 0.0884766 0.530208 0.0285156 0.0534722
1 0.910156 0.317708 0.0179687 0.0340278
1 0.957617 0.356597 0.0246094 0.0423611
1 0.0304688 0.389931 0.0195312 0.0368056
1 0.162695 0.313889 0.0207031 0.0402778
1 0.15918 0.470139 0.0253906 0.0486111
1 0.100977 0.230556 0.0136719 0.0277778
1 0.160938 0.285069 0.0195312 0.0368056
1 0.96543 0.380903 0.0183594 0.0368056
1 0.60957 0.460417 0.0316406 0.0666667
1 0.144922 0.444792 0.0265625 0.0534722
1 0.0453125 0.338194 0.0195312 0.0375
1 0.150586 0.35625 0.0230469 0.0430556
1 0.875977 0.370486 0.0230469 0.04375
1 0.804688 0.363542 0.0226563 0.0465278
1 0.131055 0.243403 0.0152344 0.03125
1 0.0373047 0.604167 0.0292969 0.0569444
1 0.832422 0.310764 0.0195312 0.0395833
1 0.272852 0.24375 0.0175781 0.0347222
1 0.736914 0.468403 0.0292969 0.0576389
1 0.982422 0.416319 0.0234375 0.0506944
1 0.447266 0.383333 0.0320312 0.0638889
1 0.784961 0.691319 0.0503906 0.104861
