1 0.19082 0.1625 0.0105469 0.0194444
1 0.457227 0.105556 0.00898437 0.0180556
1 0.907812 0.318403 0.0140625 0.0284722
1 0.491406 0.102778 0.00859375 0.0180556
1 0.338281 0.466319 0.0710938 0.163194
1 0.417383 0.423611 0.0457031 0.0916667
1 0.0423828 0.288542 0.0207031 0.03125
1 0.646289 0.295486 0.0207031 0.0409722
1 0.566797 0.230208 0.0195312 0.0381944
1 0.464258 0.302778 0.0300781 0.0583333
1 0.115625 0.227431 0.0117188 0.0256944
1 0.0521484 0.381597 0.0160156 0.0326389
1 0.133398 0.196875 0.0113281 0.0256944
1 0.791406 0.289583 0.0179687 0.0361111
1 0.123047 0.270486 0.015625 0.03125
1 0.472461 0.172222 0.0105469 0.0236111
1 0.939453 0.3375 0.015625 0.0333333
1 0.0222656 0.361111 0.015625 0.0319444
1 0.880664 0.234375 0.0105469 0.0215278
1 0.0626953 0.310069 0.0183594 0.0368056
1 0.40957 0.102083 0.0121094 0.0236111
1 0.340234 0.147222 0.0132813 0.0263889
1 0.972656 0.362153 0.0164062 0.0340278
1 0.357617 0.353472 0.0253906 0.0458333
1 0.0585938 0.272222 0.0132813 0.0277778
1 0.208789 0.264583 0.0152344 0.0305556
1 0.994922 0.46875 0.0101562 0.0347222
1 0.38418 0.132986 0.0136719 0.0284722
1 0.562305 0.275 0.0199219 0.0388889
1 0.450586 0.251389 0.0207031 0.0388889
1 0.0908203 0.291319 0.0167969 0.0326389
1 0.679297 0.530903 0.03125 0.0548611
1 0.00878906 0.304514 0.0136719 0.0298611
1 0.464844 0.455208 0.0375 0.0659722
1 0.611133 0.435764 0.0292969 0.0590278
1 0.819531 0.311458 0.0203125 0.0409722
1 0.461914 0.324653 0.0261719 0.0506944
1 0.86582 0.372222 0.0214844 0.0444444
1 0.611133 0.374653 0.0285156 0.0548611
1 0.377734 0.275347 0.01875 0.0381944
1 0.686719 0.348611 0.0257812 0.0541667
1 0.760938 0.291667 0.01875 0.0402778
1 0.135937 0.445139 0.0273438 0.0541667
1 0.230664 0.331944 0.0222656 0.0458333
1 0.93457 0.440625 0.0238281 0.0493056
1 0.665234 0.315625 0.021875 0.0423611
1 0.337891 0.422569 0.0367187 0.0659722
1 0.41875 0.406944 0.03125 0.0583333
1 0.0494141 0.602431 0.0332031 0.0618056
1 0.275977 0.638542 0.0425781 0.0798611
1 0.932031 0.725694 0.0453125 0.0888889
