1 0.450586 0.331597 0.0339844 0.0576389
1 0.229687 0.349653 0.021875 0.0423611
1 0.236914 0.169792 0.0105469 0.0229167
1 0.60918 0.409722 0.0347656 0.0680556
1 0.337109 0.468056 0.06875 0.144444
1 0.053125 0.35 0.0179687 0.0402778
1 0.490625 0.0993056 0.00859375 0.0180556
1 0.10918 0.235417 0.0136719 0.025
1 0.116406 0.225 0.0125 0.0277778
1 0.106445 0.333681 0.0222656 0.04375
1 0.386133 0.135069 0.0121094 0.0256944
1 0.411719 0.236806 0.015625 0.0305556
1 0.0457031 0.209028 0.0109375 0.0208333
1 0.967969 0.346875 0.0148437 0.0298611
1 0.06875 0.362153 0.0210938 0.0423611
1 0.409961 0.103125 0.0105469 0.0201389
1 0.134375 0.194792 0.0101562 0.0229167
1 0.567187 0.106597 0.0101562 0.0201389
1 0.67832 0.3375 0.0253906 0.0541667
1 0.855469 0.366319 0.0226563 0.0409722
1 0.0791016 0.210069 0.0113281 0.0229167
1 0.338867 0.144792 0.0121094 0.0270833
1 0.0306641 0.298264 0.0160156 0.03125
1 0.558984 0.273264 0.0179687 0.0381944
1 0.384961 0.145833 0.0121094 0.0263889
1 0.173633 0.181944 0.0121094 0.0236111
1 0.078125 0.313889 0.0195312 0.0375
1 0.00957031 0.303125 0.0144531 0.0298611
1 0.458203 0.245486 0.0171875 0.0340278
1 0.968945 0.376389 0.0167969 0.0347222
1 0.903906 0.424306 0.0210938 0.0416667
1 0.149414 0.263194 0.0144531 0.0277778
1 0.791211 0.290972 0.0191406 0.0416667
1 0.590039 0.175347 0.0121094 0.0243056
1 0.183203 0.342708 0.021875 0.0395833
1 0.674023 0.324653 0.0207031 0.0409722
1 0.0314453 0.356597 0.0191406 0.0395833
1 0.868945 0.371528 0.0199219 0.0402778
1 0.470898 0.172569 0.0121094 0.0256944
1 0.123828 0.271528 0.0148437 0.0291667
1 0.813477 0.308333 0.0207031 0.0430556
1 0.54043 0.224306 0.0160156 0.0333333
1 0.634961 0.263194 0.0175781 0.0347222
1 0.681445 0.353125 0.0246094 0.0451389
1 0.444531 0.350347 0.028125 0.05625
1 0.0529297 0.280903 0.0175781 0.0368056
1 0.425 0.552083 0.0429688 0.0777778
1 0.134961 0.445139 0.0292969 0.0569444
1 0.467773 0.457639 0.0386719 0.0680556
1 0.752539 0.453125 0.0277344 0.05625
1 0.759961 0.295486 0.0175781 0.0354167
1 0.37793 0.281597 0.0191406 0.0368056
1 0.716016 0.415278 0.028125 0.0569444
1 0.211523 0.349306 0.0238281 0.0444444
1 0.133984 0.340972 0.0203125 0.0416667
1 0.0394531 0.604514 0.0296875 0.0520833
1 0.853711 0.440625 0.0269531 0.0520833
1 0.579102 0.335764 0.0253906 0.0493056
1 0.431836 0.407292 0.0316406 0.0659722
1 0.18125 0.382292 0.0242187 0.0493056
1 0.0849609 0.55625 0.0253906 0.0472222
1 0.627148 0.457986 0.0355469 0.0659722
1 0.789453 0.659722 0.0351562 0.0694444
1 0.270703 0.253819 0.0179687 0.0340278
1 0.94707 0.459722 0.0261719 0.0569444
1 0.344531 0.337153 0.0257812 0.0493056
1 0.346484 0.427778 0.0335938 0.0638889
1 0.278516 0.645139 0.04375 0.0861111
