1 0.494531 0.102778 0.009375 0.0180556
1 0.0990234 0.246528 0.0207031 0.0291667
1 0.480273 0.128819 0.0113281 0.0229167
1 0.235547 0.15625 0.0109375 0.0277778
1 0.463281 0.108333 0.00859375 0.0180556
1 0.616602 0.236111 0.0183594 0.0375
1 0.130664 0.258681 0.0152344 0.0368056
1 0.338477 0.150694 0.0113281 0.0222222
1 0.0878906 0.215278 0.0117188 0.0236111
1 0.565039 0.10625 0.00898437 0.0180556
1 0.937305 0.271528 0.0105469 0.0222222
1 0.383984 0.132986 0.0101562 0.0201389
1 0.559766 0.10625 0.0101562 0.0194444
1 0.00976562 0.298958 0.015625 0.0298611
1 0.0544922 0.251736 0.0144531 0.0270833
1 0.194727 0.161111 0.0105469 0.0194444
1 0.165625 0.170833 0.0109375 0.0222222
1 0.102344 0.192708 0.0101562 0.0215278
1 0.0121094 0.3125 0.0179687 0.0361111
1 0.464453 0.276042 0.0195312 0.0354167
1 0.436719 0.178819 0.0117188 0.0270833
1 0.132031 0.194097 0.0101562 0.0201389
1 0.58418 0.142708 0.0128906 0.0256944
1 0.234766 0.167708 0.0125 0.0270833
1 0.437109 0.155903 0.0117188 0.0229167
1 0.410742 0.219444 0.0121094 0.0263889
1 0.415039 0.103125 0.00976562 0.01875
1 0.0269531 0.268403 0.0148437 0.0270833
1 0.0515625 0.279167 0.0148437 0.0305556
1 0.661523 0.149653 0.0105469 0.0215278
1 0.585547 0.180208 0.0132813 0.0284722
1 0.0904297 0.249653 0.0128906 0.0270833
1 0.0304688 0.298958 0.0140625 0.0284722
1 0.380273 0.279861 0.0167969 0.0347222
1 0.116602 0.223611 0.0113281 0.0236111
1 0.191602 0.212847 0.0128906 0.0256944
1 0.104492 0.244097 0.0144531 0.0256944
1 0.222266 0.267708 0.0148437 0.0284722
1 0.0167969 0.350694 0.0171875 0.0375
1 0.161914 0.293056 0.0199219 0.0402778
1 0.479688 0.165625 0.0125 0.0256944
1 0.401563 0.115278 0.0101562 0.0194444
1 0.38418 0.161806 0.00976562 0.0194444
1 0.170508 0.249653 0.0128906 0.0256944
1 0.146484 0.170139 0.009375 0.0194444
1 0.125 0.26875 0.015625 0.0291667
1 0.909766 0.413542 0.021875 0.0465278
1 0.916211 0.361111 0.0167969 0.0347222
1 0.570312 0.232292 0.0171875 0.0340278
1 0.197852 0.279861 0.0160156 0.0333333
1 0.0552734 0.356944 0.0175781 0.0361111
1 0.971484 0.363889 0.0179687 0.0361111
1 0.457422 0.448958 0.0304688 0.0576389
1 0.469922 0.310069 0.0242187 0.0451389
1 0.151367 0.2625 0.0144531 0.0291667
1 0.873633 0.459722 0.0261719 0.0555556
1 0.370898 0.340972 0.0269531 0.0513889
1 0.75625 0.284722 0.01875 0.0388889
1 0.146094 0.353472 0.0226563 0.0444444
1 0.952539 0.461806 0.0238281 0.0458333
1 0.666992 0.327778 0.0246094 0.0486111
1 0.220508 0.338194 0.0238281 0.0472222
1 0.812305 0.314236 0.0230469 0.04375
1 0.608203 0.371528 0.0273438 0.0527778
1 0.610937 0.44375 0.0335938 0.0597222
1 0.271094 0.25625 0.0179687 0.0333333
1 0.690234 0.348958 0.025 0.0520833
1 0.685742 0.421528 0.0316406 0.0597222
1 0.333398 0.433681 0.0332031 0.0645833
1 0.654492 0.638542 0.0425781 0.0784722
1 0.751562 0.477778 0.03125 0.0597222
1 0.413477 0.658681 0.0589844 0.100694
1 0.799805 0.653472 0.0355469 0.0722222
1 0.444336 0.531944 0.0355469 0.0708333
1 0.27207 0.626389 0.0410156 0.0805556
