1 0.0203125 0.305208 0.015625 0.03125
1 0.860547 0.292014 0.0226563 0.0368056
1 0.167969 0.170139 0.0140625 0.0263889
1 0.131641 0.268056 0.0304688 0.0361111
1 0.494141 0.107639 0.00859375 0.0180556
1 0.738477 0.498611 0.0324219 0.0638889
1 0.17207 0.149653 0.0105469 0.0201389
1 0.658398 0.148264 0.00898437 0.01875
1 0.92832 0.351736 0.0175781 0.0354167
1 0.751172 0.492361 0.0414063 0.0666667
1 0.225586 0.335417 0.0230469 0.0402778
1 0.432227 0.175347 0.0121094 0.0243056
1 0.383203 0.135069 0.009375 0.0215278
1 0.472852 0.168403 0.0113281 0.0229167
1 0.141602 0.169792 0.0113281 0.0215278
1 0.0732422 0.356944 0.0199219 0.0402778
1 0.0857422 0.195833 0.0121094 0.025
1 0.0900391 0.244444 0.0144531 0.0277778
1 0.217187 0.260764 0.0171875 0.0340278
1 0.174805 0.239583 0.0152344 0.0291667
1 0.115625 0.228125 0.0132813 0.0298611
1 0.0181641 0.351736 0.0183594 0.0381944
1 0.0599609 0.335764 0.0183594 0.0368056
1 0.0347656 0.297917 0.0171875 0.0319444
1 0.236328 0.157292 0.0117188 0.0256944
1 0.335938 0.152431 0.0125 0.0256944
1 0.135156 0.202431 0.0117188 0.0256944
1 0.908789 0.411458 0.0261719 0.0520833
1 0.121875 0.267361 0.0164062 0.0305556
1 0.0585938 0.258681 0.0140625 0.0270833
1 0.139062 0.348611 0.0203125 0.0416667
1 0.872461 0.458333 0.0246094 0.05
1 0.404687 0.222569 0.0148437 0.0298611
1 0.760938 0.483333 0.0273438 0.0555556
1 0.141016 0.270486 0.0164062 0.03125
1 0.216016 0.188194 0.0132813 0.0263889
1 0.455859 0.247917 0.0179687 0.0333333
1 0.967578 0.363542 0.0171875 0.0381944
1 0.811523 0.314236 0.0207031 0.0409722
1 0.435742 0.562153 0.0433594 0.0798611
1 0.871094 0.377083 0.0210938 0.0402778
1 0.907227 0.357292 0.0167969 0.0354167
1 0.402734 0.115278 0.0101562 0.0208333
1 0.618555 0.462847 0.0371094 0.0645833
1 0.45957 0.454167 0.0394531 0.0680556
1 0.271875 0.258681 0.0179687 0.0326389
1 0.385156 0.280208 0.0164062 0.0326389
1 0.208594 0.333681 0.0226563 0.0409722
1 0.585547 0.357639 0.0265625 0.0513889
1 0.802148 0.357639 0.0230469 0.0430556
1 0.186328 0.384375 0.0257812 0.0506944
1 0.45918 0.631944 0.0503906 0.102778
1 0.0556641 0.595486 0.0324219 0.0618056
1 0.679492 0.359375 0.0261719 0.0548611
1 0.328516 0.422222 0.034375 0.0652778
1 0.269922 0.628125 0.0429688 0.0840278
1 0.800977 0.661806 0.0386719 0.0736111
