1 0.132617 0.218403 0.0113281 0.0229167
1 0.433398 0.679514 0.0878906 0.200694
1 0.660547 0.146875 0.009375 0.0173611
1 0.861914 0.289236 0.0191406 0.0326389
1 0.967188 0.350347 0.0164062 0.0354167
1 0.49375 0.128819 0.009375 0.01875
1 0.115625 0.236111 0.0140625 0.0277778
1 0.576758 0.256597 0.0191406 0.0381944
1 0.527734 0.111111 0.0101562 0.0208333
1 0.0851562 0.322569 0.0179687 0.0354167
1 0.387695 0.134722 0.0105469 0.0208333
1 0.58457 0.162847 0.00976562 0.01875
1 0.445703 0.116319 0.00859375 0.01875
1 0.530469 0.107986 0.009375 0.01875
1 0.407227 0.100347 0.0105469 0.0201389
1 0.194141 0.218403 0.0132813 0.0284722
1 0.0529297 0.35 0.0160156 0.0319444
1 0.91543 0.419097 0.0230469 0.0465278
1 0.992773 0.401736 0.0128906 0.0381944
1 0.8125 0.315972 0.0203125 0.0416667
1 0.873047 0.364583 0.0203125 0.0444444
1 0.712695 0.4125 0.0316406 0.0638889
1 0.66582 0.323611 0.0230469 0.0472222
1 0.280664 0.245139 0.0183594 0.0361111
1 0.44668 0.389236 0.0300781 0.0604167
1 0.764453 0.588542 0.0421875 0.0784722
1 0.417773 0.630208 0.0519531 0.100694
1 0.241016 0.607986 0.0429688 0.0840278
1 0.339453 0.438542 0.034375 0.0618056
