1 0.450586 0.326389 0.0207031 0.0361111
1 0.436133 0.131597 0.00976562 0.0201389
1 0.860742 0.289931 0.0191406 0.0340278
1 0.194141 0.16875 0.0101562 0.0222222
1 0.237109 0.172917 0.009375 0.0194444
1 0.341602 0.147222 0.0105469 0.0236111
1 0.0429688 0.259722 0.0117188 0.0208333
1 0.217578 0.185417 0.0101562 0.0194444
1 0.164453 0.168403 0.0101562 0.0201389
1 0.647852 0.291667 0.0167969 0.0361111
1 0.121484 0.271528 0.0132813 0.0263889
1 0.622852 0.230556 0.0128906 0.0263889
1 0.868945 0.301389 0.0152344 0.0319444
1 0.494336 0.344444 0.0230469 0.0486111
1 0.564258 0.232986 0.0160156 0.0340278
1 0.698242 0.183681 0.0121094 0.0243056
1 0.939844 0.356597 0.0171875 0.0354167
1 0.339648 0.114236 0.0105469 0.01875
1 0.409961 0.100694 0.00976562 0.0208333
1 0.949219 0.330208 0.0140625 0.0284722
1 0.651953 0.164236 0.0109375 0.0215278
1 0.935938 0.281944 0.0109375 0.0236111
1 0.874805 0.384375 0.0253906 0.0548611
1 0.820898 0.249653 0.0160156 0.03125
1 0.800977 0.686111 0.0378906 0.0722222
1 0.683203 0.311458 0.0203125 0.0423611
1 0.448438 0.396875 0.0304688 0.0618056
