1 0.564062 0.236806 0.01875 0.0361111
1 0.346094 0.147222 0.0148437 0.0263889
1 0.609766 0.476736 0.046875 0.0993056
1 0.409375 0.0979167 0.0109375 0.0208333
1 0.658984 0.297569 0.01875 0.0381944
1 0.350781 0.153819 0.0125 0.0243056
1 0.559961 0.113194 0.00898437 0.0194444
1 0.165039 0.168403 0.0113281 0.0215278
1 0.216406 0.258681 0.0140625 0.0284722
1 0.346094 0.102778 0.0109375 0.0208333
1 0.123828 0.236458 0.0132813 0.0243056
1 0.859375 0.288889 0.0164062 0.0333333
1 0.108984 0.236111 0.0109375 0.0208333
1 0.533398 0.104514 0.00976562 0.0201389
1 0.582812 0.133333 0.0101562 0.0222222
1 0.0554687 0.280903 0.015625 0.0298611
1 0.401172 0.117014 0.0125 0.0243056
1 0.138086 0.259375 0.0152344 0.0284722
1 0.408984 0.239236 0.0179687 0.0340278
1 0.496875 0.345139 0.021875 0.0472222
1 0.872266 0.311458 0.0171875 0.0340278
1 0.379492 0.139236 0.00976562 0.0201389
1 0.448242 0.300694 0.0285156 0.0527778
1 0.648438 0.164931 0.0117188 0.0229167
1 0.126367 0.291667 0.0152344 0.0305556
1 0.0974609 0.540972 0.0246094 0.0430556
1 0.0802734 0.289236 0.0183594 0.0354167
1 0.813281 0.307292 0.0203125 0.0395833
1 0.613086 0.458681 0.0332031 0.0631944
1 0.759375 0.557639 0.0335938 0.0666667
1 0.616797 0.223958 0.0171875 0.0354167
1 0.580469 0.286111 0.0226563 0.0430556
1 0.608203 0.371875 0.0273438 0.0534722
1 0.719922 0.479514 0.03125 0.0618056
1 0.701953 0.321528 0.0234375 0.05
1 0.851758 0.457292 0.0261719 0.0506944
1 0.468945 0.378125 0.0308594 0.0618056
1 0.829297 0.665625 0.0390625 0.0743056
