1 0.202734 0.252431 0.01875 0.0368056
1 0.192383 0.245139 0.0222656 0.0361111
1 0.8625 0.264583 0.0132813 0.0291667
1 0.657227 0.184722 0.0113281 0.0222222
1 0.46582 0.147569 0.0121094 0.0229167
1 0.355078 0.1 0.009375 0.0180556
1 0.190039 0.223264 0.0136719 0.0270833
1 0.498437 0.337847 0.0195312 0.0479167
1 0.0527344 0.216319 0.0109375 0.0215278
1 0.185742 0.247569 0.0144531 0.0298611
1 0.489648 0.103472 0.00976562 0.0194444
1 0.0849609 0.222222 0.0113281 0.0236111
1 0.145117 0.170833 0.00976562 0.0194444
1 0.084375 0.247917 0.0132813 0.0291667
1 0.464063 0.297917 0.0257812 0.0472222
1 0.883594 0.23125 0.0101562 0.0194444
1 0.208594 0.182639 0.0109375 0.0222222
1 0.386719 0.13125 0.0109375 0.025
1 0.594727 0.183333 0.0113281 0.0236111
1 0.660742 0.148264 0.00820312 0.0173611
1 0.842773 0.252083 0.0128906 0.0263889
1 0.435547 0.155903 0.0125 0.0284722
1 0.0541016 0.261806 0.0136719 0.0291667
1 0.021875 0.263542 0.0125 0.0243056
1 0.40918 0.1 0.0105469 0.0208333
1 0.109375 0.240278 0.0125 0.0236111
1 0.565234 0.233333 0.0164062 0.0333333
1 0.438867 0.140278 0.0113281 0.0263889
1 0.657812 0.330903 0.0242187 0.0479167
1 0.921289 0.355903 0.0175781 0.0368056
1 0.0699219 0.268056 0.0132813 0.0263889
1 0.146289 0.459028 0.0253906 0.0527778
1 0.0267578 0.307986 0.0175781 0.0340278
1 0.478516 0.164236 0.0125 0.0256944
1 0.133398 0.256597 0.0152344 0.0284722
1 0.194336 0.280556 0.0160156 0.0347222
1 0.158008 0.296528 0.0246094 0.0458333
1 0.943164 0.278472 0.00976562 0.0208333
1 0.150977 0.260764 0.0144531 0.0284722
1 0.00976562 0.290972 0.0140625 0.0291667
1 0.558984 0.275 0.0195312 0.0402778
1 0.0818359 0.294792 0.0160156 0.03125
1 0.0720703 0.438194 0.0222656 0.0444444
1 0.950586 0.472917 0.0269531 0.0513889
1 0.811914 0.313889 0.0191406 0.0402778
1 0.608203 0.457292 0.0328125 0.0729167
1 0.0546875 0.335417 0.0210938 0.0416667
1 0.454688 0.354167 0.0273438 0.0569444
1 0.0445312 0.601389 0.0289063 0.0555556
1 0.138086 0.337847 0.0269531 0.0493056
1 0.127734 0.450347 0.025 0.05625
1 0.273633 0.244444 0.0167969 0.0333333
1 0.682227 0.354861 0.0277344 0.0541667
1 0.779688 0.568403 0.0359375 0.0743056
1 0.604492 0.364236 0.0277344 0.0534722
1 0.867969 0.456597 0.0257812 0.0520833
1 0.0974609 0.517361 0.0339844 0.0652778
1 0.437109 0.543403 0.04375 0.0854167
1 0.335156 0.445486 0.034375 0.0659722
1 0.272266 0.657292 0.0414063 0.0756944
1 0.811328 0.662847 0.0476562 0.0923611
