0 0.197739 0.508791 0.144374 0.194152
0 0.177045 0.670779 0.164586 0.204678
0 0.125552 0.842124 0.173249 0.276023
0 0.388794 0.503528 0.156886 0.211696
0 0.376281 0.669025 0.178061 0.226901
0 0.386869 0.839200 0.162661 0.279532
0 0.601505 0.494171 0.158811 0.195322
0 0.610648 0.642124 0.140524 0.273684
0 0.651073 0.849717 0.165549 0.300566
0 0.881109 0.858489 0.153999 0.283022
0 0.801703 0.638031 0.154961 0.251462
0 0.787266 0.497680 0.168436 0.211696
0 0.283401 0.238616 0.084699 0.121637
0 0.307944 0.183645 0.062562 0.079532
0 0.329119 0.132183 0.052937 0.084211
0 0.342113 0.107037 0.053900 0.064327
0 0.383500 0.245048 0.078924 0.122807
0 0.393125 0.186569 0.069300 0.078363
0 0.417187 0.143879 0.055825 0.065497
0 0.431143 0.108206 0.060637 0.052632
0 0.578886 0.235692 0.069300 0.092398
0 0.568780 0.197095 0.047162 0.076023
0 0.555305 0.157914 0.049087 0.063158
0 0.540868 0.112300 0.047162 0.067836
0 0.679467 0.244463 0.076037 0.093567
0 0.657811 0.198849 0.069300 0.077193
0 0.632305 0.144463 0.064487 0.080702
0 0.609686 0.104113 0.050050 0.065497
0 0.792078 0.258499 0.060637 0.088889
0 0.761760 0.209961 0.055825 0.071345
0 0.736254 0.170779 0.051012 0.063158
0 0.704973 0.122826 0.053900 0.074854