0 0.180610 0.246635 0.042683 0.044715
0 0.156601 0.279155 0.044970 0.044715
0 0.136403 0.304223 0.045732 0.054201
0 0.108964 0.333355 0.051829 0.052846
0 0.078476 0.360456 0.048780 0.058266
0 0.037317 0.412624 0.050305 0.073171
0 0.216814 0.255442 0.038872 0.043360
0 0.197378 0.285930 0.047256 0.055556
0 0.175275 0.323870 0.041159 0.047425
0 0.144787 0.377393 0.041159 0.065041
0 0.102866 0.436336 0.033537 0.069106
0 0.068948 0.477664 0.041921 0.089431
0 0.032363 0.532542 0.038872 0.079946
0 0.041128 0.649074 0.053354 0.128726
0 0.089528 0.537285 0.049543 0.121951
0 0.135259 0.466147 0.049543 0.107046
0 0.170701 0.433626 0.036585 0.093496
0 0.203095 0.386201 0.037348 0.082656
0 0.229009 0.348938 0.035823 0.078591
0 0.250351 0.310998 0.032774 0.067751
0 0.273217 0.264927 0.048018 0.084011
0 0.412909 0.224294 0.028582 0.039800
0 0.398530 0.242263 0.038533 0.042617
0 0.389426 0.273730 0.038957 0.039305
0 0.381944 0.295857 0.040930 0.045920
0 0.379052 0.317311 0.047849 0.046673
0 0.363596 0.350183 0.049966 0.070260
0 0.355339 0.399616 0.058012 0.070762
0 0.324004 0.468872 0.071562 0.106896
0 0.312571 0.575579 0.084265 0.109907
0 0.267051 0.688497 0.093157 0.170129
0 0.426266 0.677582 0.115176 0.166366
0 0.436428 0.547350 0.101626 0.104637
0 0.442780 0.491738 0.087229 0.071326
0 0.444685 0.425210 0.085112 0.073773
0 0.459717 0.369504 0.079607 0.075279
0 0.463952 0.303385 0.077066 0.051942
0 0.476443 0.251443 0.057165 0.050437
0 0.474750 0.219826 0.047849 0.039898
0 0.559155 0.225845 0.044144 0.038957
0 0.562172 0.248711 0.042556 0.037263
0 0.567730 0.266495 0.044144 0.032182
0 0.569953 0.294066 0.039698 0.048555
0 0.580592 0.332387 0.055894 0.050248
0 0.585991 0.374379 0.060340 0.060411
0 0.591390 0.415417 0.060976 0.070221
0 0.607110 0.467536 0.068915 0.107836
0 0.632510 0.577510 0.095274 0.159698
0 0.653470 0.713031 0.111063 0.157803
0 0.787126 0.714060 0.114874 0.165425
0 0.758544 0.570614 0.093641 0.141309
0 0.733228 0.483506 0.103985 0.096787
0 0.698385 0.428821 0.083297 0.076461
0 0.689402 0.372201 0.076220 0.065815
0 0.674158 0.329615 0.074042 0.056136
0 0.646937 0.301022 0.045732 0.049361
0 0.639043 0.279729 0.041921 0.037747
0 0.629243 0.251661 0.048454 0.041618
0 0.622166 0.224077 0.048454 0.038715
0 0.743872 0.282542 0.039634 0.056911
0 0.757211 0.310998 0.032774 0.051491
0 0.772836 0.336743 0.041159 0.051491
0 0.786174 0.372651 0.052591 0.066396
0 0.825046 0.418721 0.057165 0.079946
0 0.865387 0.491885 0.055751 0.109770
0 0.932932 0.485468 0.046611 0.116740
0 0.903643 0.425455 0.043627 0.077319
0 0.872510 0.384179 0.040813 0.067729
0 0.846746 0.348017 0.037817 0.061463
0 0.819303 0.313829 0.033484 0.056668
0 0.794444 0.290221 0.031022 0.060524
0 0.799064 0.250688 0.022519 0.035107
0 0.814308 0.264854 0.024598 0.040034
0 0.831111 0.285795 0.023559 0.041266
0 0.858481 0.311663 0.024945 0.046194
0 0.886717 0.340816 0.025291 0.051121
0 0.912527 0.368225 0.033259 0.052969
0 0.969865 0.391322 0.041921 0.062207
0 0.942149 0.350363 0.034299 0.056664
0 0.919630 0.319567 0.030141 0.050505
0 0.890181 0.301090 0.028756 0.045578
0 0.868701 0.274606 0.028756 0.049273
0 0.845316 0.253972 0.026330 0.042498