0 0.747521 0.684814 0.153458 0.300585
0 0.484037 0.636861 0.186273 0.298246
0 0.524573 0.463177 0.182412 0.222222
0 0.734974 0.482475 0.165039 0.188304
0 0.549667 0.305867 0.147667 0.164912
0 0.732561 0.319317 0.173726 0.166082
0 0.718567 0.216978 0.130294 0.150877
0 0.572347 0.214639 0.127399 0.139181
0 0.588272 0.128674 0.103270 0.119298
0 0.715189 0.137446 0.110026 0.111111
0 0.708915 0.076042 0.091689 0.095906
0 0.596476 0.073703 0.090723 0.098246
0 0.249990 0.606452 0.179517 0.274854
0 0.282322 0.462007 0.147667 0.191813
0 0.336370 0.351481 0.139946 0.178947
0 0.371115 0.227504 0.109061 0.146199
0 0.417925 0.139785 0.102305 0.111111
0 0.446396 0.057329 0.093619 0.114620
0 0.072877 0.535107 0.145754 0.244444
0 0.133207 0.393586 0.123538 0.218713
0 0.200285 0.241540 0.116782 0.174269
0 0.233582 0.147972 0.104235 0.164912
0 0.298729 0.078966 0.087828 0.120468
0 0.332509 0.047378 0.080107 0.094756