0 0.277428 0.641540 0.143851 0.167251
0 0.289013 0.542709 0.126473 0.091228
0 0.317493 0.475458 0.111991 0.101754
0 0.324734 0.416978 0.097510 0.085380
0 0.331492 0.335692 0.087855 0.070175
0 0.342112 0.296510 0.066615 0.047953
0 0.350318 0.264347 0.061788 0.037427
0 0.362869 0.240370 0.054065 0.043275
0 0.430450 0.236861 0.065650 0.036257
0 0.433829 0.259083 0.068546 0.043275
0 0.436243 0.300019 0.075304 0.050292
0 0.446380 0.335692 0.095579 0.053801
0 0.446862 0.379551 0.106198 0.083041
0 0.460379 0.472534 0.127438 0.072515
0 0.463758 0.543879 0.149643 0.095906
0 0.466171 0.639200 0.169918 0.167251
0 0.208881 0.301773 0.082062 0.081871
0 0.187642 0.359668 0.078201 0.080702
0 0.162057 0.419317 0.081097 0.087719
0 0.131163 0.462007 0.090751 0.072515
0 0.095925 0.518732 0.124542 0.122807
0 0.047238 0.633352 0.094476 0.157895
0 0.551130 0.234522 0.063719 0.043275
0 0.549199 0.263762 0.069512 0.052632
0 0.552578 0.298265 0.072408 0.053801
0 0.559819 0.336276 0.084959 0.069006
0 0.570439 0.390078 0.090751 0.085380
0 0.585403 0.455575 0.109095 0.111111
0 0.617263 0.525750 0.136127 0.115789
0 0.648640 0.642124 0.150609 0.173099
0 0.630779 0.235107 0.064685 0.046784
0 0.637054 0.259083 0.069512 0.047953
0 0.648640 0.294171 0.079166 0.061988
0 0.667948 0.332768 0.094613 0.061988
0 0.685809 0.381306 0.105233 0.093567
0 0.713324 0.450311 0.113922 0.123977
0 0.759665 0.538031 0.115853 0.140351
0 0.790559 0.645048 0.164125 0.171930
0 0.810834 0.297095 0.054065 0.051462
0 0.830142 0.334522 0.063719 0.053801
0 0.851382 0.371364 0.073373 0.066667
0 0.888069 0.402358 0.073373 0.079532
0 0.915584 0.463762 0.085924 0.097076
0 0.949374 0.538616 0.082062 0.115789
0 0.127784 0.300604 0.074339 0.077193
0 0.099304 0.359083 0.079166 0.074854
0 0.062617 0.409376 0.075304 0.079532
0 0.034688 0.458499 0.069375 0.072515
0 0.024550 0.508791 0.049100 0.088889
0 0.861519 0.295925 0.060823 0.051462
0 0.900137 0.333352 0.064685 0.046784
0 0.936341 0.369610 0.059857 0.065497
0 0.961925 0.401773 0.058892 0.080702
0 0.972032 0.462007 0.055936 0.093567