0 0.159685 0.895916 0.160645 0.208168
0 0.207879 0.753820 0.142147 0.185965
0 0.239034 0.632768 0.136305 0.182456
0 0.289662 0.516978 0.134358 0.123977
0 0.322765 0.444463 0.107097 0.116959
0 0.360248 0.393001 0.094440 0.107602
0 0.334935 0.909366 0.150909 0.181268
0 0.369498 0.756159 0.138252 0.188304
0 0.402114 0.632768 0.150909 0.184795
0 0.432782 0.518148 0.130464 0.133333
0 0.450794 0.449142 0.119754 0.116959
0 0.471727 0.388908 0.105150 0.101754
0 0.603164 0.387154 0.095414 0.095906
0 0.595375 0.459083 0.109044 0.115789
0 0.589533 0.518732 0.134358 0.113450
0 0.579797 0.640370 0.155777 0.167251
0 0.579797 0.763177 0.171355 0.185965
0 0.607058 0.905857 0.161619 0.188285
0 0.714642 0.385984 0.096387 0.091228
0 0.718536 0.455575 0.104176 0.108772
0 0.746284 0.516978 0.120727 0.119298
0 0.770138 0.638616 0.141173 0.187135
0 0.799833 0.764347 0.165513 0.188304
0 0.831475 0.895916 0.166487 0.208168
0 0.820279 0.369610 0.085678 0.079532
0 0.828067 0.431598 0.081783 0.102924
0 0.872367 0.501773 0.094440 0.119298
0 0.912285 0.601773 0.092493 0.160234
0 0.949282 0.708206 0.094440 0.157895
0 0.917639 0.367855 0.085678 0.080702
0 0.930296 0.428674 0.089572 0.099415
0 0.950742 0.500604 0.095414 0.095906
0 0.969529 0.569610 0.060941 0.116959
0 0.102729 0.608791 0.116833 0.101754
0 0.146541 0.499434 0.109044 0.098246
0 0.190841 0.418148 0.096387 0.087719
0 0.231732 0.370194 0.080810 0.071345
0 0.145081 0.373118 0.073021 0.072515
0 0.100782 0.418732 0.091519 0.095906
0 0.058430 0.484814 0.074968 0.115789
0 0.027511 0.572534 0.055022 0.129825