0 0.790019 0.759083 0.152763 0.198830
0 0.837878 0.891832 0.202073 0.207018
0 0.940935 0.751481 0.118130 0.200000
0 0.920061 0.594756 0.113122 0.171930
0 0.759079 0.599434 0.137294 0.164912
0 0.726206 0.506452 0.121824 0.133333
0 0.708319 0.429844 0.116990 0.118129
0 0.689949 0.358499 0.105387 0.118129
0 0.666261 0.294756 0.087017 0.109942
0 0.860599 0.504697 0.108288 0.129825
0 0.834977 0.426920 0.107321 0.114620
0 0.812256 0.359083 0.104420 0.121637
0 0.782284 0.300019 0.104420 0.113450
0 0.340430 0.906442 0.208841 0.187115
0 0.570542 0.908197 0.218510 0.183606
0 0.347682 0.745048 0.194338 0.189474
0 0.573443 0.754405 0.216576 0.203509
0 0.365085 0.610545 0.159531 0.177778
0 0.389257 0.488908 0.161465 0.175439
0 0.397958 0.388908 0.140194 0.136842
0 0.425030 0.334522 0.122791 0.105263
0 0.439533 0.283060 0.097653 0.093567
0 0.552172 0.286569 0.104420 0.098246
0 0.562807 0.341540 0.108288 0.093567
0 0.555556 0.387154 0.134393 0.140351
0 0.547338 0.487738 0.139227 0.177778
0 0.557490 0.611130 0.186603 0.183626
0 0.079862 0.869610 0.157598 0.214035
0 0.139324 0.700604 0.154697 0.159064
0 0.181866 0.540370 0.116023 0.142690
0 0.211355 0.463762 0.097653 0.097076
0 0.244711 0.404113 0.094752 0.099415
0 0.273717 0.347972 0.085083 0.097076
0 0.288703 0.290078 0.072514 0.081871
0 0.213772 0.289493 0.069614 0.085380
0 0.189117 0.347387 0.074448 0.095906
0 0.153827 0.402358 0.081216 0.102924
0 0.110802 0.460253 0.086050 0.101754
0 0.066326 0.539785 0.105387 0.146199
0 0.039206 0.663762 0.078412 0.183626