0 0.540379 0.643879 0.159744 0.197661
0 0.652970 0.738031 0.157820 0.222222
0 0.764117 0.851481 0.164556 0.215205
0 0.673178 0.547387 0.140498 0.168421
0 0.754494 0.632183 0.154933 0.200000
0 0.888737 0.733352 0.173217 0.208187
0 0.761230 0.448557 0.122214 0.136842
0 0.852169 0.521072 0.092382 0.153216
0 0.939259 0.580721 0.108742 0.141520
0 0.976125 0.516978 0.047750 0.133333
0 0.900285 0.457329 0.086608 0.135673
0 0.826668 0.383645 0.104892 0.156725
0 0.062811 0.641540 0.125621 0.169591
0 0.055853 0.553820 0.091420 0.108772
0 0.065476 0.492417 0.079872 0.093567
0 0.065958 0.443294 0.059664 0.081871
0 0.217522 0.590662 0.120289 0.149708
0 0.183360 0.487738 0.076985 0.119298
0 0.155453 0.452651 0.059664 0.109942
0 0.145349 0.419902 0.060626 0.098246
0 0.312310 0.404697 0.057739 0.107602
0 0.272374 0.367855 0.054852 0.097076
0 0.240137 0.339200 0.053890 0.093567
0 0.216560 0.312885 0.045229 0.099415
0 0.402287 0.354990 0.060626 0.104094
0 0.366200 0.318732 0.057739 0.090058
0 0.332519 0.294756 0.059664 0.086550
0 0.301244 0.272534 0.056777 0.088889
0 0.524501 0.307621 0.054852 0.107602
0 0.483121 0.283060 0.056777 0.098246
0 0.443666 0.250896 0.066400 0.094737
0 0.405655 0.228089 0.059664 0.088889
0 0.574541 0.266101 0.049078 0.078363
0 0.533643 0.237446 0.065437 0.065497
0 0.491301 0.214639 0.050040 0.071345
0 0.458582 0.198265 0.046191 0.076023